-53276205 2069346
153276205 2069346
50000000 180948981
#
-1638102 91509163
50000000 2069346
101638102 91509163
-1638102 91509163
#
-27457153 46789254
-1638102 2069346
24180949 46789254
-27457153 46789254
#
-40366679 24429300
-27457153 2069346
-14547627 24429300
-40366679 24429300
#
-46821442 13249323
-40366679 2069346
-33911916 13249323
-46821442 13249323
#
-50048823 7659334
-46821442 2069346
-43594060 7659334
-50048823 7659334
#
-43594060 18839311
-40366679 13249323
-37139297 18839311
-43594060 18839311
#
-40366679 13249323
-43594060 7659334
-37139297 7659334
-40366679 13249323
#
-37139297 7659334
-33911916 2069346
-30684534 7659334
-37139297 7659334
#
-33911916 35609277
-27457153 24429300
-21002390 35609277
-33911916 35609277
#
-37139297 30019288
-33911916 24429300
-30684534 30019288
-37139297 30019288
#
-30684534 41199265
-27457153 35609277
-24229771 41199265
-30684534 41199265
#
-27457153 35609277
-30684534 30019288
-24229771 30019288
-27457153 35609277
#
-24229771 30019288
-21002390 24429300
-17775008 30019288
-24229771 30019288
#
-27457153 24429300
-33911916 13249323
-21002390 13249323
-27457153 24429300
#
-33911916 24429300
-37139297 18839311
-30684534 18839311
-33911916 24429300
#
-21002390 24429300
-24229771 18839311
-17775008 18839311
-21002390 24429300
#
-24229771 18839311
-30684534 18839311
-27457153 13249323
-24229771 18839311
#
-27457153 13249323
-30684534 7659334
-24229771 7659334
-27457153 13249323
#
-21002390 13249323
-14547627 2069346
-8092864 13249323
-21002390 13249323
#
-24229771 7659334
-21002390 2069346
-17775008 7659334
-24229771 7659334
#
-17775008 18839311
-14547627 13249323
-11320245 18839311
-17775008 18839311
#
-14547627 13249323
-17775008 7659334
-11320245 7659334
-14547627 13249323
#
-11320245 7659334
-8092864 2069346
-4865483 7659334
-11320245 7659334
#
-14547627 69149208
-1638102 46789254
11271423 69149208
-14547627 69149208
#
-21002390 57969231
-14547627 46789254
-8092864 57969231
-21002390 57969231
#
-24229771 52379242
-21002390 46789254
-17775008 52379242
-24229771 52379242
#
-17775008 63559219
-14547627 57969231
-11320245 63559219
-17775008 63559219
#
-14547627 57969231
-17775008 52379242
-11320245 52379242
-14547627 57969231
#
-11320245 52379242
-8092864 46789254
-4865483 52379242
-11320245 52379242
#
-8092864 80329185
-1638102 69149208
4816660 80329185
-8092864 80329185
#
-11320245 74739196
-8092864 69149208
-4865483 74739196
-11320245 74739196
#
-4865483 85919174
-1638102 80329185
1589279 85919174
-4865483 85919174
#
-1638102 80329185
-4865483 74739196
1589279 74739196
-1638102 80329185
#
1589279 74739196
4816660 69149208
8044041 74739196
1589279 74739196
#
-1638102 69149208
-8092864 57969231
4816660 57969231
-1638102 69149208
#
-8092864 69149208
-11320245 63559219
-4865483 63559219
-8092864 69149208
#
4816660 69149208
1589279 63559219
8044041 63559219
4816660 69149208
#
1589279 63559219
-4865483 63559219
-1638102 57969231
1589279 63559219
#
-1638102 57969231
-4865483 52379242
1589279 52379242
-1638102 57969231
#
4816660 57969231
11271423 46789254
17726186 57969231
4816660 57969231
#
1589279 52379242
4816660 46789254
8044041 52379242
1589279 52379242
#
8044041 63559219
11271423 57969231
14498804 63559219
8044041 63559219
#
11271423 57969231
8044041 52379242
14498804 52379242
11271423 57969231
#
14498804 52379242
17726186 46789254
20953567 52379242
14498804 52379242
#
-1638102 46789254
-14547627 24429300
11271423 24429300
-1638102 46789254
#
-14547627 46789254
-21002390 35609277
-8092864 35609277
-14547627 46789254
#
-21002390 46789254
-24229771 41199265
-17775008 41199265
-21002390 46789254
#
-8092864 46789254
-11320245 41199265
-4865483 41199265
-8092864 46789254
#
-11320245 41199265
-17775008 41199265
-14547627 35609277
-11320245 41199265
#
-14547627 35609277
-17775008 30019288
-11320245 30019288
-14547627 35609277
#
11271423 46789254
4816660 35609277
17726186 35609277
11271423 46789254
#
4816660 46789254
1589279 41199265
8044041 41199265
4816660 46789254
#
17726186 46789254
14498804 41199265
20953567 41199265
17726186 46789254
#
14498804 41199265
8044041 41199265
11271423 35609277
14498804 41199265
#
11271423 35609277
8044041 30019288
14498804 30019288
11271423 35609277
#
4816660 35609277
-8092864 35609277
-1638102 24429300
4816660 35609277
#
1589279 41199265
-4865483 41199265
-1638102 35609277
1589279 41199265
#
8044041 30019288
1589279 30019288
4816660 24429300
8044041 30019288
#
1589279 30019288
-1638102 35609277
-4865483 30019288
1589279 30019288
#
-4865483 30019288
-11320245 30019288
-8092864 24429300
-4865483 30019288
#
-1638102 24429300
-8092864 13249323
4816660 13249323
-1638102 24429300
#
-8092864 24429300
-11320245 18839311
-4865483 18839311
-8092864 24429300
#
4816660 24429300
1589279 18839311
8044041 18839311
4816660 24429300
#
1589279 18839311
-4865483 18839311
-1638102 13249323
1589279 18839311
#
-1638102 13249323
-4865483 7659334
1589279 7659334
-1638102 13249323
#
11271423 24429300
24180949 2069346
37090474 24429300
11271423 24429300
#
4816660 13249323
11271423 2069346
17726186 13249323
4816660 13249323
#
1589279 7659334
4816660 2069346
8044041 7659334
1589279 7659334
#
8044041 18839311
11271423 13249323
14498804 18839311
8044041 18839311
#
11271423 13249323
8044041 7659334
14498804 7659334
11271423 13249323
#
14498804 7659334
17726186 2069346
20953567 7659334
14498804 7659334
#
17726186 35609277
24180948 24429300
30635711 35609277
17726186 35609277
#
14498804 30019288
17726185 24429300
20953567 30019288
14498804 30019288
#
20953567 41199265
24180948 35609277
27408330 41199265
20953567 41199265
#
24180948 35609277
20953567 30019288
27408329 30019288
24180948 35609277
#
27408329 30019288
30635711 24429300
33863092 30019288
27408329 30019288
#
24180948 24429300
17726186 13249323
30635711 13249323
24180948 24429300
#
17726185 24429300
14498804 18839311
20953567 18839311
17726185 24429300
#
30635711 24429300
27408329 18839311
33863092 18839311
30635711 24429300
#
27408329 18839311
20953567 18839311
24180948 13249323
27408329 18839311
#
24180948 13249323
20953567 7659334
27408330 7659334
24180948 13249323
#
30635711 13249323
37090474 2069346
43545237 13249323
30635711 13249323
#
27408330 7659334
30635711 2069346
33863092 7659334
27408330 7659334
#
33863092 18839311
37090474 13249323
40317855 18839311
33863092 18839311
#
37090474 13249323
33863092 7659334
40317855 7659334
37090474 13249323
#
40317855 7659334
43545237 2069346
46772618 7659334
40317855 7659334
#
24180949 136229072
50000000 91509163
75819051 136229072
24180949 136229072
#
11271423 113869117
24180949 91509163
37090474 113869117
11271423 113869117
#
4816660 102689140
11271423 91509163
17726186 102689140
4816660 102689140
#
1589279 97099151
4816660 91509163
8044041 97099151
1589279 97099151
#
8044041 108279128
11271423 102689140
14498804 108279128
8044041 108279128
#
11271423 102689140
8044041 97099151
14498804 97099151
11271423 102689140
#
14498804 97099151
17726186 91509163
20953567 97099151
14498804 97099151
#
17726186 125049094
24180948 113869117
30635711 125049094
17726186 125049094
#
14498804 119459105
17726185 113869117
20953567 119459105
14498804 119459105
#
20953567 130639083
24180948 125049094
27408330 130639083
20953567 130639083
#
24180948 125049094
20953567 119459105
27408329 119459105
24180948 125049094
#
27408329 119459105
30635711 113869117
33863092 119459105
27408329 119459105
#
24180948 113869117
17726186 102689140
30635711 102689140
24180948 113869117
#
17726185 113869117
14498804 108279128
20953567 108279128
17726185 113869117
#
30635711 113869117
27408329 108279128
33863092 108279128
30635711 113869117
#
27408329 108279128
20953567 108279128
24180948 102689140
27408329 108279128
#
24180948 102689140
20953567 97099151
27408330 97099151
24180948 102689140
#
30635711 102689140
37090474 91509163
43545237 102689140
30635711 102689140
#
27408330 97099151
30635711 91509163
33863092 97099151
27408330 97099151
#
33863092 108279128
37090474 102689140
40317855 108279128
33863092 108279128
#
37090474 102689140
33863092 97099151
40317855 97099151
37090474 102689140
#
40317855 97099151
43545237 91509163
46772618 97099151
40317855 97099151
#
37090474 158589026
50000000 136229072
62909525 158589026
37090474 158589026
#
30635711 147409049
37090474 136229072
43545237 147409049
30635711 147409049
#
27408330 141819060
30635711 136229072
33863092 141819060
27408330 141819060
#
33863092 152999037
37090474 147409049
40317855 152999037
33863092 152999037
#
37090474 147409049
33863092 141819060
40317855 141819060
37090474 147409049
#
40317855 141819060
43545237 136229072
46772618 141819060
40317855 141819060
#
43545237 169769003
49999999 158589026
56454762 169769003
43545237 169769003
#
40317855 164179014
43545236 158589026
46772618 164179014
40317855 164179014
#
46772618 175358992
49999999 169769003
53227381 175358992
46772618 175358992
#
49999999 169769003
46772618 164179014
53227380 164179014
49999999 169769003
#
53227380 164179014
56454762 158589026
59682143 164179014
53227380 164179014
#
49999999 158589026
43545237 147409049
56454762 147409049
49999999 158589026
#
43545236 158589026
40317855 152999037
46772618 152999037
43545236 158589026
#
56454762 158589026
53227380 152999037
59682143 152999037
56454762 158589026
#
53227380 152999037
46772618 152999037
49999999 147409049
53227380 152999037
#
49999999 147409049
46772618 141819060
53227381 141819060
49999999 147409049
#
56454762 147409049
62909525 136229072
69364288 147409049
56454762 147409049
#
53227381 141819060
56454762 136229072
59682143 141819060
53227381 141819060
#
59682143 152999037
62909525 147409049
66136906 152999037
59682143 152999037
#
62909525 147409049
59682143 141819060
66136906 141819060
62909525 147409049
#
66136906 141819060
69364288 136229072
72591669 141819060
66136906 141819060
#
50000000 136229072
37090474 113869117
62909525 113869117
50000000 136229072
#
37090474 136229072
30635711 125049094
43545237 125049094
37090474 136229072
#
30635711 136229072
27408330 130639083
33863092 130639083
30635711 136229072
#
43545237 136229072
40317855 130639083
46772618 130639083
43545237 136229072
#
40317855 130639083
33863092 130639083
37090474 125049094
40317855 130639083
#
37090474 125049094
33863092 119459105
40317855 119459105
37090474 125049094
#
62909525 136229072
56454762 125049094
69364288 125049094
62909525 136229072
#
56454762 136229072
53227381 130639083
59682143 130639083
56454762 136229072
#
69364288 136229072
66136906 130639083
72591669 130639083
69364288 136229072
#
66136906 130639083
59682143 130639083
62909525 125049094
66136906 130639083
#
62909525 125049094
59682143 119459105
66136906 119459105
62909525 125049094
#
56454762 125049094
43545237 125049094
49999999 113869117
56454762 125049094
#
53227381 130639083
46772618 130639083
49999999 125049094
53227381 130639083
#
59682143 119459105
53227380 119459105
56454762 113869117
59682143 119459105
#
53227380 119459105
49999999 125049094
46772618 119459105
53227380 119459105
#
46772618 119459105
40317855 119459105
43545236 113869117
46772618 119459105
#
49999999 113869117
43545237 102689140
56454762 102689140
49999999 113869117
#
43545236 113869117
40317855 108279128
46772618 108279128
43545236 113869117
#
56454762 113869117
53227380 108279128
59682143 108279128
56454762 113869117
#
53227380 108279128
46772618 108279128
49999999 102689140
53227380 108279128
#
49999999 102689140
46772618 97099151
53227381 97099151
49999999 102689140
#
62909525 113869117
75819051 91509163
88728576 113869117
62909525 113869117
#
56454762 102689140
62909525 91509163
69364288 102689140
56454762 102689140
#
53227381 97099151
56454762 91509163
59682143 97099151
53227381 97099151
#
59682143 108279128
62909525 102689140
66136906 108279128
59682143 108279128
#
62909525 102689140
59682143 97099151
66136906 97099151
62909525 102689140
#
66136906 97099151
69364288 91509163
72591669 97099151
66136906 97099151
#
69364288 125049094
75819050 113869117
82273813 125049094
69364288 125049094
#
66136906 119459105
69364287 113869117
72591669 119459105
66136906 119459105
#
72591669 130639083
75819050 125049094
79046432 130639083
72591669 130639083
#
75819050 125049094
72591669 119459105
79046431 119459105
75819050 125049094
#
79046431 119459105
82273813 113869117
85501194 119459105
79046431 119459105
#
75819050 113869117
69364288 102689140
82273813 102689140
75819050 113869117
#
69364287 113869117
66136906 108279128
72591669 108279128
69364287 113869117
#
82273813 113869117
79046431 108279128
85501194 108279128
82273813 113869117
#
79046431 108279128
72591669 108279128
75819050 102689140
79046431 108279128
#
75819050 102689140
72591669 97099151
79046432 97099151
75819050 102689140
#
82273813 102689140
88728576 91509163
95183339 102689140
82273813 102689140
#
79046432 97099151
82273813 91509163
85501194 97099151
79046432 97099151
#
85501194 108279128
88728576 102689140
91955957 108279128
85501194 108279128
#
88728576 102689140
85501194 97099151
91955957 97099151
88728576 102689140
#
91955957 97099151
95183339 91509163
98410720 97099151
91955957 97099151
#
50000000 91509163
24180949 46789254
75819051 46789254
50000000 91509163
#
24180949 91509163
11271423 69149208
37090474 69149208
24180949 91509163
#
11271423 91509163
4816660 80329185
17726186 80329185
11271423 91509163
#
4816660 91509163
1589279 85919174
8044041 85919174
4816660 91509163
#
17726186 91509163
14498804 85919174
20953567 85919174
17726186 91509163
#
14498804 85919174
8044041 85919174
11271423 80329185
14498804 85919174
#
11271423 80329185
8044041 74739196
14498804 74739196
11271423 80329185
#
37090474 91509163
30635711 80329185
43545237 80329185
37090474 91509163
#
30635711 91509163
27408330 85919174
33863092 85919174
30635711 91509163
#
43545237 91509163
40317855 85919174
46772618 85919174
43545237 91509163
#
40317855 85919174
33863092 85919174
37090474 80329185
40317855 85919174
#
37090474 80329185
33863092 74739196
40317855 74739196
37090474 80329185
#
30635711 80329185
17726186 80329185
24180948 69149208
30635711 80329185
#
27408330 85919174
20953567 85919174
24180948 80329185
27408330 85919174
#
33863092 74739196
27408329 74739196
30635711 69149208
33863092 74739196
#
27408329 74739196
24180948 80329185
20953567 74739196
27408329 74739196
#
20953567 74739196
14498804 74739196
17726185 69149208
20953567 74739196
#
24180948 69149208
17726186 57969231
30635711 57969231
24180948 69149208
#
17726185 69149208
14498804 63559219
20953567 63559219
17726185 69149208
#
30635711 69149208
27408329 63559219
33863092 63559219
30635711 69149208
#
27408329 63559219
20953567 63559219
24180948 57969231
27408329 63559219
#
24180948 57969231
20953567 52379242
27408330 52379242
24180948 57969231
#
75819051 91509163
62909525 69149208
88728576 69149208
75819051 91509163
#
62909525 91509163
56454762 80329185
69364288 80329185
62909525 91509163
#
56454762 91509163
53227381 85919174
59682143 85919174
56454762 91509163
#
69364288 91509163
66136906 85919174
72591669 85919174
69364288 91509163
#
66136906 85919174
59682143 85919174
62909525 80329185
66136906 85919174
#
62909525 80329185
59682143 74739196
66136906 74739196
62909525 80329185
#
88728576 91509163
82273813 80329185
95183339 80329185
88728576 91509163
#
82273813 91509163
79046432 85919174
85501194 85919174
82273813 91509163
#
95183339 91509163
91955957 85919174
98410720 85919174
95183339 91509163
#
91955957 85919174
85501194 85919174
88728576 80329185
91955957 85919174
#
88728576 80329185
85501194 74739196
91955957 74739196
88728576 80329185
#
82273813 80329185
69364288 80329185
75819050 69149208
82273813 80329185
#
79046432 85919174
72591669 85919174
75819050 80329185
79046432 85919174
#
85501194 74739196
79046431 74739196
82273813 69149208
85501194 74739196
#
79046431 74739196
75819050 80329185
72591669 74739196
79046431 74739196
#
72591669 74739196
66136906 74739196
69364287 69149208
72591669 74739196
#
75819050 69149208
69364288 57969231
82273813 57969231
75819050 69149208
#
69364287 69149208
66136906 63559219
72591669 63559219
69364287 69149208
#
82273813 69149208
79046431 63559219
85501194 63559219
82273813 69149208
#
79046431 63559219
72591669 63559219
75819050 57969231
79046431 63559219
#
75819050 57969231
72591669 52379242
79046432 52379242
75819050 57969231
#
62909525 69149208
37090474 69149208
50000000 46789254
62909525 69149208
#
56454762 80329185
43545237 80329185
49999999 69149208
56454762 80329185
#
53227381 85919174
46772618 85919174
49999999 80329185
53227381 85919174
#
59682143 74739196
53227380 74739196
56454762 69149208
59682143 74739196
#
53227380 74739196
49999999 80329185
46772618 74739196
53227380 74739196
#
46772618 74739196
40317855 74739196
43545236 69149208
46772618 74739196
#
69364288 57969231
56454762 57969231
62909525 46789254
69364288 57969231
#
66136906 63559219
59682143 63559219
62909525 57969231
66136906 63559219
#
72591669 52379242
66136906 52379242
69364288 46789254
72591669 52379242
#
66136906 52379242
62909525 57969231
59682143 52379242
66136906 52379242
#
59682143 52379242
53227381 52379242
56454762 46789254
59682143 52379242
#
56454762 57969231
49999999 69149208
43545237 57969231
56454762 57969231
#
59682143 63559219
56454762 69149208
53227380 63559219
59682143 63559219
#
53227381 52379242
49999999 57969231
46772618 52379242
53227381 52379242
#
49999999 57969231
53227380 63559219
46772618 63559219
49999999 57969231
#
46772618 63559219
43545236 69149208
40317855 63559219
46772618 63559219
#
43545237 57969231
30635711 57969231
37090474 46789254
43545237 57969231
#
40317855 63559219
33863092 63559219
37090474 57969231
40317855 63559219
#
46772618 52379242
40317855 52379242
43545237 46789254
46772618 52379242
#
40317855 52379242
37090474 57969231
33863092 52379242
40317855 52379242
#
33863092 52379242
27408330 52379242
30635711 46789254
33863092 52379242
#
50000000 46789254
37090474 24429300
62909525 24429300
50000000 46789254
#
37090474 46789254
30635711 35609277
43545237 35609277
37090474 46789254
#
30635711 46789254
27408330 41199265
33863092 41199265
30635711 46789254
#
43545237 46789254
40317855 41199265
46772618 41199265
43545237 46789254
#
40317855 41199265
33863092 41199265
37090474 35609277
40317855 41199265
#
37090474 35609277
33863092 30019288
40317855 30019288
37090474 35609277
#
62909525 46789254
56454762 35609277
69364288 35609277
62909525 46789254
#
56454762 46789254
53227381 41199265
59682143 41199265
56454762 46789254
#
69364288 46789254
66136906 41199265
72591669 41199265
69364288 46789254
#
66136906 41199265
59682143 41199265
62909525 35609277
66136906 41199265
#
62909525 35609277
59682143 30019288
66136906 30019288
62909525 35609277
#
56454762 35609277
43545237 35609277
49999999 24429300
56454762 35609277
#
53227381 41199265
46772618 41199265
49999999 35609277
53227381 41199265
#
59682143 30019288
53227380 30019288
56454762 24429300
59682143 30019288
#
53227380 30019288
49999999 35609277
46772618 30019288
53227380 30019288
#
46772618 30019288
40317855 30019288
43545236 24429300
46772618 30019288
#
49999999 24429300
43545237 13249323
56454762 13249323
49999999 24429300
#
43545236 24429300
40317855 18839311
46772618 18839311
43545236 24429300
#
56454762 24429300
53227380 18839311
59682143 18839311
56454762 24429300
#
53227380 18839311
46772618 18839311
49999999 13249323
53227380 18839311
#
49999999 13249323
46772618 7659334
53227381 7659334
49999999 13249323
#
75819051 46789254
101638102 2069346
127457153 46789254
75819051 46789254
#
62909525 24429300
75819051 2069346
88728576 24429300
62909525 24429300
#
56454762 13249323
62909525 2069346
69364288 13249323
56454762 13249323
#
53227381 7659334
56454762 2069346
59682143 7659334
53227381 7659334
#
59682143 18839311
62909525 13249323
66136906 18839311
59682143 18839311
#
62909525 13249323
59682143 7659334
66136906 7659334
62909525 13249323
#
66136906 7659334
69364288 2069346
72591669 7659334
66136906 7659334
#
69364288 35609277
75819050 24429300
82273813 35609277
69364288 35609277
#
66136906 30019288
69364287 24429300
72591669 30019288
66136906 30019288
#
72591669 41199265
75819050 35609277
79046432 41199265
72591669 41199265
#
75819050 35609277
72591669 30019288
79046431 30019288
75819050 35609277
#
79046431 30019288
82273813 24429300
85501194 30019288
79046431 30019288
#
75819050 24429300
69364288 13249323
82273813 13249323
75819050 24429300
#
69364287 24429300
66136906 18839311
72591669 18839311
69364287 24429300
#
82273813 24429300
79046431 18839311
85501194 18839311
82273813 24429300
#
79046431 18839311
72591669 18839311
75819050 13249323
79046431 18839311
#
75819050 13249323
72591669 7659334
79046432 7659334
75819050 13249323
#
82273813 13249323
88728576 2069346
95183339 13249323
82273813 13249323
#
79046432 7659334
82273813 2069346
85501194 7659334
79046432 7659334
#
85501194 18839311
88728576 13249323
91955957 18839311
85501194 18839311
#
88728576 13249323
85501194 7659334
91955957 7659334
88728576 13249323
#
91955957 7659334
95183339 2069346
98410720 7659334
91955957 7659334
#
88728576 69149208
101638102 46789254
114547627 69149208
88728576 69149208
#
82273813 57969231
88728576 46789254
95183339 57969231
82273813 57969231
#
79046432 52379242
82273813 46789254
85501194 52379242
79046432 52379242
#
85501194 63559219
88728576 57969231
91955957 63559219
85501194 63559219
#
88728576 57969231
85501194 52379242
91955957 52379242
88728576 57969231
#
91955957 52379242
95183339 46789254
98410720 52379242
91955957 52379242
#
95183339 80329185
101638101 69149208
108092864 80329185
95183339 80329185
#
91955957 74739196
95183338 69149208
98410720 74739196
91955957 74739196
#
98410720 85919174
101638101 80329185
104865483 85919174
98410720 85919174
#
101638101 80329185
98410720 74739196
104865482 74739196
101638101 80329185
#
104865482 74739196
108092864 69149208
111320245 74739196
104865482 74739196
#
101638101 69149208
95183339 57969231
108092864 57969231
101638101 69149208
#
95183338 69149208
91955957 63559219
98410720 63559219
95183338 69149208
#
108092864 69149208
104865482 63559219
111320245 63559219
108092864 69149208
#
104865482 63559219
98410720 63559219
101638101 57969231
104865482 63559219
#
101638101 57969231
98410720 52379242
104865483 52379242
101638101 57969231
#
108092864 57969231
114547627 46789254
121002390 57969231
108092864 57969231
#
104865483 52379242
108092864 46789254
111320245 52379242
104865483 52379242
#
111320245 63559219
114547627 57969231
117775008 63559219
111320245 63559219
#
114547627 57969231
111320245 52379242
117775008 52379242
114547627 57969231
#
117775008 52379242
121002390 46789254
124229771 52379242
117775008 52379242
#
101638102 46789254
88728576 24429300
114547627 24429300
101638102 46789254
#
88728576 46789254
82273813 35609277
95183339 35609277
88728576 46789254
#
82273813 46789254
79046432 41199265
85501194 41199265
82273813 46789254
#
95183339 46789254
91955957 41199265
98410720 41199265
95183339 46789254
#
91955957 41199265
85501194 41199265
88728576 35609277
91955957 41199265
#
88728576 35609277
85501194 30019288
91955957 30019288
88728576 35609277
#
114547627 46789254
108092864 35609277
121002390 35609277
114547627 46789254
#
108092864 46789254
104865483 41199265
111320245 41199265
108092864 46789254
#
121002390 46789254
117775008 41199265
124229771 41199265
121002390 46789254
#
117775008 41199265
111320245 41199265
114547627 35609277
117775008 41199265
#
114547627 35609277
111320245 30019288
117775008 30019288
114547627 35609277
#
108092864 35609277
95183339 35609277
101638101 24429300
108092864 35609277
#
104865483 41199265
98410720 41199265
101638101 35609277
104865483 41199265
#
111320245 30019288
104865482 30019288
108092864 24429300
111320245 30019288
#
104865482 30019288
101638101 35609277
98410720 30019288
104865482 30019288
#
98410720 30019288
91955957 30019288
95183338 24429300
98410720 30019288
#
101638101 24429300
95183339 13249323
108092864 13249323
101638101 24429300
#
95183338 24429300
91955957 18839311
98410720 18839311
95183338 24429300
#
108092864 24429300
104865482 18839311
111320245 18839311
108092864 24429300
#
104865482 18839311
98410720 18839311
101638101 13249323
104865482 18839311
#
101638101 13249323
98410720 7659334
104865483 7659334
101638101 13249323
#
114547627 24429300
127457153 2069346
140366679 24429300
114547627 24429300
#
108092864 13249323
114547627 2069346
121002390 13249323
108092864 13249323
#
104865483 7659334
108092864 2069346
111320245 7659334
104865483 7659334
#
111320245 18839311
114547627 13249323
117775008 18839311
111320245 18839311
#
114547627 13249323
111320245 7659334
117775008 7659334
114547627 13249323
#
117775008 7659334
121002390 2069346
124229771 7659334
117775008 7659334
#
121002390 35609277
127457153 24429300
133911916 35609277
121002390 35609277
#
117775008 30019288
121002390 24429300
124229771 30019288
117775008 30019288
#
124229771 41199265
127457153 35609277
130684534 41199265
124229771 41199265
#
127457153 35609277
124229771 30019288
130684534 30019288
127457153 35609277
#
130684534 30019288
133911916 24429300
137139297 30019288
130684534 30019288
#
127457153 24429300
121002390 13249323
133911916 13249323
127457153 24429300
#
121002390 24429300
117775008 18839311
124229771 18839311
121002390 24429300
#
133911916 24429300
130684534 18839311
137139297 18839311
133911916 24429300
#
130684534 18839311
124229771 18839311
127457153 13249323
130684534 18839311
#
127457153 13249323
124229771 7659334
130684534 7659334
127457153 13249323
#
133911916 13249323
140366679 2069346
146821442 13249323
133911916 13249323
#
130684534 7659334
133911916 2069346
137139297 7659334
130684534 7659334
#
137139297 18839311
140366679 13249323
143594060 18839311
137139297 18839311
#
140366679 13249323
137139297 7659334
143594060 7659334
140366679 13249323
#
143594060 7659334
146821442 2069346
150048823 7659334
143594060 7659334
#
