7563973 97930654
11271423 91509163
14978873 97930654
#
8524110 97930654
8044041 97099151
14498804 97099151
14018736 97930654
#
20473499 97930654
24180949 91509163
27888398 97930654
#
21433635 97930654
20953567 97099151
27408330 97099151
26928261 97930654
#
33383024 97930654
37090474 91509163
40797924 97930654
#
34343161 97930654
33863092 97099151
40317855 97099151
39837787 97930654
#
46292551 97930654
50000000 91509163
53707449 97930654
#
47252686 97930654
46772618 97099151
53227381 97099151
52747312 97930654
#
59202075 97930654
62909525 91509163
66616975 97930654
#
60162212 97930654
59682143 97099151
66136906 97099151
65656838 97930654
#
72111601 97930654
75819051 91509163
79526500 97930654
#
73071737 97930654
72591669 97099151
79046432 97099151
78566363 97930654
#
85021126 97930654
88728576 91509163
92436026 97930654
#
85981263 97930654
85501194 97099151
91955957 97099151
91475889 97930654
#
97930654 97930653
97930653 97930654
#
97930654 97099151
91955957 97099151
#
40317855 97099151
43545237 91509163
46772618 97099151
40317855 97099151
#
14498804 97099151
17726186 91509163
20953567 97099151
14498804 97099151
#
91955957 97099151
95183339 91509163
97930654 96267652
#
79046432 97099151
82273813 91509163
85501194 97099151
79046432 97099151
#
66136906 97099151
69364288 91509163
72591669 97099151
66136906 97099151
#
53227381 97099151
56454762 91509163
59682143 97099151
53227381 97099151
#
27408330 97099151
30635711 91509163
33863092 97099151
27408330 97099151
#
2069346 96267651
4816660 91509163
8044041 97099151
2069346 97099151
#
17726186 91509163
14498804 85919174
20953567 85919174
17726186 91509163
#
69364288 91509163
66136906 85919174
72591669 85919174
69364288 91509163
#
56454762 91509163
53227381 85919174
59682143 85919174
56454762 91509163
#
82273813 91509163
79046432 85919174
85501194 85919174
82273813 91509163
#
62909525 91509163
56454762 80329185
69364288 80329185
62909525 91509163
#
75819051 91509163
62909525 69149208
88728576 69149208
75819051 91509163
#
37090474 91509163
30635711 80329185
43545237 80329185
37090474 91509163
#
30635711 91509163
27408330 85919174
33863092 85919174
30635711 91509163
#
43545237 91509163
40317855 85919174
46772618 85919174
43545237 91509163
#
2069346 85919174
8044041 85919174
4816660 91509163
#
50000000 91509163
24180949 46789254
75819051 46789254
50000000 91509163
#
24180949 91509163
11271423 69149208
37090474 69149208
24180949 91509163
#
11271423 91509163
4816660 80329185
17726186 80329185
11271423 91509163
#
4816660 91509163
2069346 86750675
#
95183339 91509163
91955957 85919174
97930654 85919174
#
97930654 86750673
95183339 91509163
#
88728576 91509163
82273813 80329185
95183339 80329185
88728576 91509163
#
97930654 91509163
2069346 91509163
#
27408330 85919174
20953567 85919174
24180948 80329185
27408330 85919174
#
14498804 85919174
8044041 85919174
11271423 80329185
14498804 85919174
#
66136906 85919174
59682143 85919174
62909525 80329185
66136906 85919174
#
79046432 85919174
72591669 85919174
75819050 80329185
79046432 85919174
#
53227381 85919174
46772618 85919174
49999999 80329185
53227381 85919174
#
91955957 85919174
85501194 85919174
88728576 80329185
91955957 85919174
#
40317855 85919174
33863092 85919174
37090474 80329185
40317855 85919174
#
2069346 85087675
50000000 2069346
97930654 85087675
#
95183339 80329185
97930654 75570695
#
97930654 80329185
95183339 80329185
#
53227380 74739196
49999999 80329185
46772618 74739196
53227380 74739196
#
56454762 80329185
43545237 80329185
49999999 69149208
56454762 80329185
#
82273813 80329185
69364288 80329185
75819050 69149208
82273813 80329185
#
88728576 80329185
85501194 74739196
91955957 74739196
88728576 80329185
#
62909525 80329185
59682143 74739196
66136906 74739196
62909525 80329185
#
11271423 80329185
8044041 74739196
14498804 74739196
11271423 80329185
#
27408329 74739196
24180948 80329185
20953567 74739196
27408329 74739196
#
79046431 74739196
75819050 80329185
72591669 74739196
79046431 74739196
#
30635711 80329185
17726186 80329185
24180948 69149208
30635711 80329185
#
37090474 80329185
33863092 74739196
40317855 74739196
37090474 80329185
#
2069346 75570697
4816660 80329185
2069346 80329185
#
72591669 74739196
66136906 74739196
69364287 69149208
72591669 74739196
#
91955957 74739196
95183338 69149208
97930654 73907698
#
97930654 74739196
91955957 74739196
#
85501194 74739196
79046431 74739196
82273813 69149208
85501194 74739196
#
33863092 74739196
27408329 74739196
30635711 69149208
33863092 74739196
#
20953567 74739196
14498804 74739196
17726185 69149208
20953567 74739196
#
59682143 74739196
53227380 74739196
56454762 69149208
59682143 74739196
#
46772618 74739196
40317855 74739196
43545236 69149208
46772618 74739196
#
2069346 73907696
4816660 69149208
8044041 74739196
2069346 74739196
#
97930654 64390718
95183338 69149208
#
95183338 69149208
91955957 63559219
97930654 63559219
#
69364287 69149208
66136906 63559219
72591669 63559219
69364287 69149208
#
82273813 69149208
79046431 63559219
85501194 63559219
82273813 69149208
#
88728576 69149208
97930654 53210742
#
97930654 69149208
88728576 69149208
#
62909525 69149208
37090474 69149208
50000000 46789254
62909525 69149208
#
46772618 63559219
43545236 69149208
40317855 63559219
46772618 63559219
#
59682143 63559219
56454762 69149208
53227380 63559219
59682143 63559219
#
56454762 57969231
49999999 69149208
43545237 57969231
56454762 57969231
#
17726185 69149208
14498804 63559219
20953567 63559219
17726185 69149208
#
2069346 63559219
8044041 63559219
4816660 69149208
#
4816660 69149208
2069346 64390720
#
75819050 69149208
69364288 57969231
82273813 57969231
75819050 69149208
#
30635711 69149208
27408329 63559219
33863092 63559219
30635711 69149208
#
24180948 69149208
17726186 57969231
30635711 57969231
24180948 69149208
#
2069346 53210743
11271423 69149208
2069346 69149208
#
40317855 63559219
33863092 63559219
37090474 57969231
40317855 63559219
#
79046431 63559219
72591669 63559219
75819050 57969231
79046431 63559219
#
49999999 57969231
53227380 63559219
46772618 63559219
49999999 57969231
#
8044041 63559219
11271423 57969231
14498804 63559219
8044041 63559219
#
66136906 63559219
59682143 63559219
62909525 57969231
66136906 63559219
#
85501194 63559219
88728576 57969231
91955957 63559219
85501194 63559219
#
27408329 63559219
20953567 63559219
24180948 57969231
27408329 63559219
#
97930654 62727721
95183339 57969231
97930654 57969231
#
2069346 57969231
4816660 57969231
2069346 62727719
#
24180948 57969231
20953567 52379242
27408330 52379242
24180948 57969231
#
82273813 57969231
88728576 46789254
95183339 57969231
82273813 57969231
#
69364288 57969231
56454762 57969231
62909525 46789254
69364288 57969231
#
75819050 57969231
72591669 52379242
79046432 52379242
75819050 57969231
#
66136906 52379242
62909525 57969231
59682143 52379242
66136906 52379242
#
88728576 57969231
85501194 52379242
91955957 52379242
88728576 57969231
#
4816660 57969231
11271423 46789254
17726186 57969231
4816660 57969231
#
40317855 52379242
37090474 57969231
33863092 52379242
40317855 52379242
#
43545237 57969231
30635711 57969231
37090474 46789254
43545237 57969231
#
53227381 52379242
49999999 57969231
46772618 52379242
53227381 52379242
#
11271423 57969231
8044041 52379242
14498804 52379242
11271423 57969231
#
91955957 52379242
95183339 46789254
97930654 51547743
#
97930654 52379242
91955957 52379242
#
79046432 52379242
82273813 46789254
85501194 52379242
79046432 52379242
#
14498804 52379242
17726186 46789254
20953567 52379242
14498804 52379242
#
33863092 52379242
27408330 52379242
30635711 46789254
33863092 52379242
#
46772618 52379242
40317855 52379242
43545237 46789254
46772618 52379242
#
59682143 52379242
53227381 52379242
56454762 46789254
59682143 52379242
#
72591669 52379242
66136906 52379242
69364288 46789254
72591669 52379242
#
2069346 51547742
4816660 46789254
8044041 52379242
2069346 52379242
#
82273813 46789254
79046432 41199265
85501194 41199265
82273813 46789254
#
11271423 46789254
4816660 35609277
17726186 35609277
11271423 46789254
#
75819051 46789254
97930654 8490834
#
97930654 46789254
75819051 46789254
#
2069346 41199265
8044041 41199265
4816660 46789254
#
88728576 46789254
82273813 35609277
95183339 35609277
88728576 46789254
#
17726186 46789254
14498804 41199265
20953567 41199265
17726186 46789254
#
4816660 46789254
2069346 42030766
#
50000000 46789254
37090474 24429300
62909525 24429300
50000000 46789254
#
95183339 46789254
91955957 41199265
97930654 41199265
#
97930654 42030764
95183339 46789254
#
69364288 46789254
66136906 41199265
72591669 41199265
69364288 46789254
#
56454762 46789254
53227381 41199265
59682143 41199265
56454762 46789254
#
62909525 46789254
56454762 35609277
69364288 35609277
62909525 46789254
#
43545237 46789254
40317855 41199265
46772618 41199265
43545237 46789254
#
30635711 46789254
27408330 41199265
33863092 41199265
30635711 46789254
#
37090474 46789254
30635711 35609277
43545237 35609277
37090474 46789254
#
2069346 8490834
24180949 46789254
2069346 46789254
#
91955957 41199265
85501194 41199265
88728576 35609277
91955957 41199265
#
40317855 41199265
33863092 41199265
37090474 35609277
40317855 41199265
#
66136906 41199265
59682143 41199265
62909525 35609277
66136906 41199265
#
53227381 41199265
46772618 41199265
49999999 35609277
53227381 41199265
#
72591669 41199265
75819050 35609277
79046432 41199265
72591669 41199265
#
14498804 41199265
8044041 41199265
11271423 35609277
14498804 41199265
#
20953567 41199265
24180948 35609277
27408330 41199265
20953567 41199265
#
97930654 40367766
88728576 24429300
97930654 24429300
#
2069346 24429300
11271423 24429300
2069346 40367765
#
69364288 35609277
75819050 24429300
82273813 35609277
69364288 35609277
#
37090474 35609277
33863092 30019288
40317855 30019288
37090474 35609277
#
17726186 35609277
24180948 24429300
30635711 35609277
17726186 35609277
#
75819050 35609277
72591669 30019288
79046431 30019288
75819050 35609277
#
62909525 35609277
59682143 30019288
66136906 30019288
62909525 35609277
#
56454762 35609277
43545237 35609277
49999999 24429300
56454762 35609277
#
53227380 30019288
49999999 35609277
46772618 30019288
53227380 30019288
#
97930654 35609277
95183339 35609277
97930654 30850787
#
11271423 35609277
8044041 30019288
14498804 30019288
11271423 35609277
#
88728576 35609277
85501194 30019288
91955957 30019288
88728576 35609277
#
2069346 30850789
4816660 35609277
#
24180948 35609277
20953567 30019288
27408329 30019288
24180948 35609277
#
4816660 35609277
2069346 35609277
#
66136906 30019288
69364287 24429300
72591669 30019288
66136906 30019288
#
79046431 30019288
82273813 24429300
85501194 30019288
79046431 30019288
#
97930654 30019288
91955957 30019288
95183338 24429300
97930654 29187790
#
14498804 30019288
17726185 24429300
20953567 30019288
14498804 30019288
#
27408329 30019288
30635711 24429300
33863092 30019288
27408329 30019288
#
2069346 29187788
4816660 24429300
8044041 30019288
#
46772618 30019288
40317855 30019288
43545236 24429300
46772618 30019288
#
59682143 30019288
53227380 30019288
56454762 24429300
59682143 30019288
#
8044041 30019288
2069346 30019288
#
11271423 24429300
24180949 2069346
37090474 24429300
11271423 24429300
#
30635711 24429300
27408329 18839311
33863092 18839311
30635711 24429300
#
95183338 24429300
91955957 18839311
97930654 18839311
#
97930654 19670810
95183338 24429300
#
62909525 24429300
75819051 2069346
88728576 24429300
62909525 24429300
#
75819050 24429300
69364288 13249323
82273813 13249323
75819050 24429300
#
49999999 24429300
43545237 13249323
56454762 13249323
49999999 24429300
#
43545236 24429300
40317855 18839311
46772618 18839311
43545236 24429300
#
56454762 24429300
53227380 18839311
59682143 18839311
56454762 24429300
#
4816660 24429300
2069346 19670812
#
2069346 18839311
8044041 18839311
4816660 24429300
#
69364287 24429300
66136906 18839311
72591669 18839311
69364287 24429300
#
17726185 24429300
14498804 18839311
20953567 18839311
17726185 24429300
#
24180948 24429300
17726186 13249323
30635711 13249323
24180948 24429300
#
82273813 24429300
79046431 18839311
85501194 18839311
82273813 24429300
#
8044041 18839311
11271423 13249323
14498804 18839311
8044041 18839311
#
59682143 18839311
62909525 13249323
66136906 18839311
59682143 18839311
#
33863092 18839311
37090474 13249323
40317855 18839311
33863092 18839311
#
53227380 18839311
46772618 18839311
49999999 13249323
53227380 18839311
#
79046431 18839311
72591669 18839311
75819050 13249323
79046431 18839311
#
85501194 18839311
88728576 13249323
91955957 18839311
85501194 18839311
#
27408329 18839311
20953567 18839311
24180948 13249323
27408329 18839311
#
97930654 18007813
95183339 13249323
97930654 13249323
#
2069346 13249323
4816660 13249323
2069346 18007811
#
37090474 13249323
33863092 7659334
40317855 7659334
37090474 13249323
#
82273813 13249323
88728576 2069346
95183339 13249323
82273813 13249323
#
11271423 13249323
8044041 7659334
14498804 7659334
11271423 13249323
#
4816660 13249323
11271423 2069346
17726186 13249323
4816660 13249323
#
56454762 13249323
62909525 2069346
69364288 13249323
56454762 13249323
#
24180948 13249323
20953567 7659334
27408330 7659334
24180948 13249323
#
62909525 13249323
59682143 7659334
66136906 7659334
62909525 13249323
#
30635711 13249323
37090474 2069346
43545237 13249323
30635711 13249323
#
75819050 13249323
72591669 7659334
79046432 7659334
75819050 13249323
#
49999999 13249323
46772618 7659334
53227381 7659334
49999999 13249323
#
88728576 13249323
85501194 7659334
91955957 7659334
88728576 13249323
#
79046432 7659334
82273813 2069346
85501194 7659334
79046432 7659334
#
91955957 7659334
95183339 2069346
97930654 6827835
#
97930654 7659334
91955957 7659334
#
27408330 7659334
30635711 2069346
33863092 7659334
27408330 7659334
#
40317855 7659334
43545237 2069346
46772618 7659334
40317855 7659334
#
14498804 7659334
17726186 2069346
20953567 7659334
14498804 7659334
#
53227381 7659334
56454762 2069346
59682143 7659334
53227381 7659334
#
66136906 7659334
69364288 2069346
72591669 7659334
66136906 7659334
#
2069346 6827834
4816660 2069346
8044041 7659334
2069346 7659334
#
2069346 2069346
97930654 2069346
#
